0.030357 0.00202164 1 0
0.124632 0.0184824 0.999911 0.0133081
0.203466 0.0328721 0.999646 0.0266139
0.277888 0.0465562 0.999203 0.0399149
0.350052 0.0598627 0.998583 0.0532089
0.42082 0.07293 0.997787 0.0664934
0.490634 0.0858308 0.996814 0.0797662
0.559752 0.0986085 0.995664 0.0930248
0.628343 0.111291 0.994338 0.106267
0.696524 0.123898 0.992835 0.11949
0.764384 0.136443 0.991157 0.132692
0.832 0.148937 0.989304 0.145871
0.899471 0.161385 0.987275 0.159024
0.96718 0.173791 0.985071 0.172149
0.964134 0.181187 0.982693 0.185243
0.944732 0.189909 0.980141 0.198304
0.926911 0.199086 0.977415 0.21133
0.909705 0.20844 0.974516 0.224319
0.892783 0.217877 0.971444 0.237268
0.875982 0.22735 0.968201 0.250175
0.859207 0.23683 0.964785 0.263038
0.842398 0.246298 0.961199 0.275854
0.82551 0.255739 0.957443 0.288622
0.808512 0.26514 0.953517 0.301338
0.791377 0.27449 0.949423 0.314001
0.774086 0.283778 0.94516 0.326608
0.756619 0.292995 0.94073 0.339157
0.738962 0.30213 0.936133 0.351647
0.721102 0.311175 0.93137 0.364074
0.703025 0.320118 0.926443 0.376436
0.68472 0.32895 0.921351 0.388732
0.666176 0.337659 0.916096 0.400959
0.647383 0.346234 0.910679 0.413115
0.628332 0.354663 0.9051 0.425198
0.609013 0.362933 0.899362 0.437205
0.589417 0.37103 0.893464 0.449135
0.569537 0.37894 0.887407 0.460986
0.549365 0.386648 0.881194 0.472755
0.528892 0.394136 0.874824 0.48444
0.508113 0.401388 0.8683 0.496039
0.48702 0.408384 0.861622 0.507551
0.465609 0.415106 0.854791 0.518973
0.443875 0.42153 0.847809 0.530302
0.421813 0.427636 0.840676 0.541538
0.39942 0.433398 0.833395 0.552678
0.376697 0.438792 0.825966 0.56372
0.353641 0.44379 0.818391 0.574662
0.330255 0.448365 0.810671 0.585502
0.306542 0.452488 0.802807 0.596239
0.282508 0.456126 0.794801 0.60687
