0.0304242	0.0664973	2.50491e-005	6.77455e-008	
0.0422078	0.0927444	2.23816e-005	6.77453e-008	
0.0529835	0.107854	2.08389e-005	6.77451e-008	
0.063129	0.117967	1.98037e-005	6.77448e-008	
0.0728331	0.125327	1.90489e-005	6.77444e-008	
0.0822066	0.130981	1.84685e-005	6.77438e-008	
0.091321	0.135491	1.80051e-005	6.77432e-008	
0.100225	0.13919	1.76247e-005	6.77425e-008	
0.108956	0.142291	1.73056e-005	6.77417e-008	
0.117539	0.144936	1.70334e-005	6.77408e-008	
0.125995	0.147222	1.6798e-005	6.77398e-008	
0.134342	0.149223	1.65919e-005	6.77387e-008	
0.142591	0.150991	1.64097e-005	6.77374e-008	
0.150755	0.152566	1.62474e-005	6.77361e-008	
0.158841	0.153981	1.61016e-005	6.77346e-008	
0.166859	0.155258	1.59699e-005	6.7733e-008	
0.174813	0.156419	1.58502e-005	6.77313e-008	
0.182711	0.157479	1.57408e-005	6.77294e-008	
0.190556	0.158452	1.56405e-005	6.77275e-008	
0.198352	0.159348	1.55481e-005	6.77254e-008	
0.206105	0.160176	1.54626e-005	6.77231e-008	
0.213816	0.160945	1.53834e-005	6.77207e-008	
0.221489	0.16166	1.53096e-005	6.77182e-008	
0.229126	0.162327	1.52408e-005	6.77155e-008	
0.236731	0.162951	1.51764e-005	6.77126e-008	
0.244303	0.163536	1.51159e-005	6.77096e-008	
0.251847	0.164086	1.50592e-005	6.77064e-008	
0.259363	0.164605	1.50057e-005	6.7703e-008	
0.266853	0.165094	1.49552e-005	6.76995e-008	
0.274319	0.165556	1.49075e-005	6.76957e-008	
0.281761	0.165994	1.48623e-005	6.76918e-008	
0.289182	0.166409	1.48194e-005	6.76877e-008	
0.296581	0.166804	1.47787e-005	6.76833e-008	
0.303961	0.167179	1.474e-005	6.76788e-008	
0.311321	0.167537	1.47031e-005	6.7674e-008	
0.318664	0.167878	1.46679e-005	6.7669e-008	
0.325989	0.168204	1.46343e-005	6.76637e-008	
0.333299	0.168515	1.46022e-005	6.76582e-008	
0.340592	0.168813	1.45714e-005	6.76525e-008	
0.34787	0.169099	1.4542e-005	6.76465e-008	
0.355134	0.169372	1.45137e-005	6.76402e-008	
0.362384	0.169635	1.44866e-005	6.76336e-008	
0.369621	0.169888	1.44606e-005	6.76267e-008	
0.376845	0.17013	1.44356e-005	6.76195e-008	
0.384057	0.170364	1.44115e-005	6.7612e-008	
0.391257	0.170589	1.43883e-005	6.76042e-008	
0.398445	0.170806	1.4366e-005	6.7596e-008	
0.405623	0.171015	1.43444e-005	6.75874e-008	
0.41279	0.171217	1.43236e-005	6.75785e-008	
0.419946	0.171412	1.43035e-005	6.75692e-008	
0.427093	0.1716	1.42841e-005	6.75594e-008	
0.434231	0.171782	1.42654e-005	6.75493e-008	
0.441359	0.171958	1.42472e-005	6.75387e-008	
0.448478	0.172129	1.42297e-005	6.75276e-008	
0.455589	0.172294	1.42127e-005	6.75161e-008	
0.462691	0.172454	1.41962e-005	6.75041e-008	
0.469785	0.172609	1.41802e-005	6.74915e-008	
0.476871	0.17276	1.41648e-005	6.74784e-008	
0.48395	0.172906	1.41497e-005	6.74647e-008	
0.491021	0.173048	1.41352e-005	6.74504e-008	
0.498085	0.173186	1.4121e-005	6.74355e-008	
0.505142	0.17332	1.41072e-005	6.74199e-008	
0.512192	0.17345	1.40939e-005	6.74037e-008	
0.519236	0.173577	1.40809e-005	6.73867e-008	
0.526273	0.1737	1.40683e-005	6.7369e-008	
0.533304	0.17382	1.4056e-005	6.73505e-008	
0.540329	0.173937	1.4044e-005	6.73311e-008	
0.547348	0.174051	1.40323e-005	6.73109e-008	
0.554362	0.174162	1.4021e-005	6.72898e-008	
0.561369	0.17427	1.401e-005	6.72677e-008	
0.568372	0.174375	1.39992e-005	6.72445e-008	
0.575369	0.174478	1.39887e-005	6.72204e-008	
0.58236	0.174578	1.39785e-005	6.7195e-008	
0.589347	0.174676	1.39685e-005	6.71685e-008	
0.596329	0.174772	1.39588e-005	6.71408e-008	
0.603306	0.174865	1.39493e-005	6.71117e-008	
0.610278	0.174956	1.39401e-005	6.70812e-008	
0.617246	0.175045	1.39311e-005	6.70492e-008	
0.624209	0.175132	1.39223e-005	6.70156e-008	
0.631168	0.175217	1.39137e-005	6.69804e-008	
0.638123	0.1753	1.39053e-005	6.69434e-008	
0.645074	0.175382	1.38971e-005	6.69045e-008	
0.65202	0.175461	1.38891e-005	6.68637e-008	
0.658963	0.175539	1.38813e-005	6.68206e-008	
0.665902	0.175615	1.38737e-005	6.67753e-008	
0.672837	0.17569	1.38662e-005	6.67276e-008	
0.679768	0.175763	1.3859e-005	6.66773e-008	
0.686695	0.175834	1.38519e-005	6.66242e-008	
0.69362	0.175904	1.38449e-005	6.65681e-008	
0.70054	0.175972	1.38382e-005	6.65088e-008	
0.707458	0.176039	1.38316e-005	6.64461e-008	
0.714372	0.176105	1.38251e-005	6.63797e-008	
0.721283	0.176169	1.38189e-005	6.63093e-008	
0.728191	0.176233	1.38127e-005	6.62346e-008	
0.735096	0.176294	1.38068e-005	6.61552e-008	
0.741998	0.176355	1.38009e-005	6.60708e-008	
0.748897	0.176414	1.37953e-005	6.59809e-008	
0.755793	0.176473	1.37898e-005	6.5885e-008	
0.762687	0.17653	1.37844e-005	6.57826e-008	
0.769577	0.176586	1.37792e-005	6.5673e-008	
0.776466	0.176641	1.37741e-005	6.55556e-008	
0.783352	0.176694	1.37692e-005	6.54297e-008	
0.790235	0.176747	1.37644e-005	6.52942e-008	
0.797116	0.176799	1.37598e-005	6.51483e-008	
0.803995	0.17685	1.37554e-005	6.49907e-008	
0.810871	0.1769	1.37511e-005	6.48202e-008	
0.817746	0.176948	1.37471e-005	6.46352e-008	
0.824619	0.176996	1.37431e-005	6.44341e-008	
0.831489	0.177043	1.37394e-005	6.42146e-008	
0.838358	0.177089	1.37359e-005	6.39744e-008	
0.845225	0.177134	1.37326e-005	6.37108e-008	
0.852091	0.177178	1.37295e-005	6.34202e-008	
0.858955	0.177222	1.37267e-005	6.30987e-008	
0.865817	0.177264	1.37242e-005	6.27414e-008	
0.872679	0.177305	1.37219e-005	6.23423e-008	
0.879539	0.177346	1.37201e-005	6.18941e-008	
0.886399	0.177385	1.37186e-005	6.13877e-008	
0.893258	0.177424	1.37175e-005	6.08115e-008	
0.900117	0.177461	1.3717e-005	6.01509e-008	
0.906975	0.177498	1.37171e-005	5.93867e-008	
0.913834	0.177534	1.3718e-005	5.84937e-008	
0.920693	0.177568	1.37199e-005	5.74376e-008	
0.927554	0.177601	1.37229e-005	5.61712e-008	
0.934417	0.177633	1.37275e-005	5.46271e-008	
0.941282	0.177664	1.37341e-005	5.27059e-008	
0.948151	0.177693	1.37436e-005	5.02546e-008	
0.955026	0.17772	1.37573e-005	4.70253e-008	
0.961909	0.177744	1.37773e-005	4.25871e-008	
0.968805	0.177765	1.3808e-005	3.61209e-008	
0.975721	0.177782	1.38582e-005	2.58512e-008	
0.98267	0.177791	1.39514e-005	7.06609e-009	
0.989692	0.177785	1.41758e-005	-3.8424e-008	
0.996959	0.177728	1.55639e-005	-3.51341e-007	
0.99829	0.177848	-1.08833e-005	9.90564e-007	
0.994562	0.178766	-6.06368e-006	2.05577e-006	
0.991795	0.179849	-5.13821e-006	2.19638e-006	
0.989356	0.180986	-4.65973e-006	2.25949e-006	
0.987107	0.182153	-4.3536e-006	2.2963e-006	
0.984988	0.183341	-4.13595e-006	2.3207e-006	
0.982963	0.184544	-3.97099e-006	2.33814e-006	
0.981011	0.18576	-3.84045e-006	2.35128e-006	
0.979118	0.186987	-3.7339e-006	2.36153e-006	
0.977274	0.188223	-3.64485e-006	2.36975e-006	
0.975471	0.189468	-3.56904e-006	2.3765e-006	
0.973703	0.19072	-3.50353e-006	2.38211e-006	
0.971966	0.19198	-3.44624e-006	2.38686e-006	
0.970256	0.193247	-3.3956e-006	2.39093e-006	
0.96857	0.19452	-3.35046e-006	2.39443e-006	
0.966905	0.195799	-3.30992e-006	2.39748e-006	
0.965259	0.197084	-3.27326e-006	2.40016e-006	
0.963631	0.198375	-3.23993e-006	2.40251e-006	
0.962019	0.199671	-3.20947e-006	2.4046e-006	
0.960421	0.200973	-3.18149e-006	2.40646e-006	
0.958837	0.20228	-3.15571e-006	2.40813e-006	
0.957265	0.203593	-3.13185e-006	2.40962e-006	
0.955705	0.20491	-3.10969e-006	2.41097e-006	
0.954155	0.206232	-3.08906e-006	2.41218e-006	
0.952615	0.207559	-3.0698e-006	2.41328e-006	
0.951085	0.208891	-3.05176e-006	2.41427e-006	
0.949563	0.210228	-3.03484e-006	2.41517e-006	
0.94805	0.21157	-3.01891e-006	2.416e-006	
0.946544	0.212916	-3.00391e-006	2.41674e-006	
0.945046	0.214267	-2.98974e-006	2.41743e-006	
0.943555	0.215623	-2.97634e-006	2.41805e-006	
0.94207	0.216983	-2.96364e-006	2.41862e-006	
0.940591	0.218348	-2.95159e-006	2.41914e-006	
0.939118	0.219718	-2.94013e-006	2.41961e-006	
0.937651	0.221092	-2.92923e-006	2.42005e-006	
0.936189	0.22247	-2.91885e-006	2.42044e-006	
0.934732	0.223853	-2.90894e-006	2.42081e-006	
0.93328	0.225241	-2.89947e-006	2.42114e-006	
0.931832	0.226633	-2.89042e-006	2.42144e-006	
0.930389	0.22803	-2.88175e-006	2.42171e-006	
0.92895	0.229431	-2.87345e-006	2.42196e-006	
0.927516	0.230836	-2.86548e-006	2.42219e-006	
0.926085	0.232246	-2.85784e-006	2.4224e-006	
0.924658	0.233661	-2.85049e-006	2.42258e-006	
0.923234	0.23508	-2.84342e-006	2.42275e-006	
0.921814	0.236503	-2.83662e-006	2.4229e-006	
0.920398	0.237931	-2.83007e-006	2.42304e-006	
0.918984	0.239364	-2.82376e-006	2.42316e-006	
0.917574	0.2408	-2.81767e-006	2.42327e-006	
0.916166	0.242242	-2.81179e-006	2.42336e-006	
0.914762	0.243688	-2.80611e-006	2.42344e-006	
0.91336	0.245138	-2.80062e-006	2.42351e-006	
0.911961	0.246593	-2.79531e-006	2.42357e-006	
0.910565	0.248052	-2.79017e-006	2.42362e-006	
0.909171	0.249516	-2.7852e-006	2.42366e-006	
0.90778	0.250984	-2.78038e-006	2.42369e-006	
0.906391	0.252457	-2.77571e-006	2.42372e-006	
0.905004	0.253934	-2.77118e-006	2.42373e-006	
0.903619	0.255416	-2.76678e-006	2.42374e-006	
0.902237	0.256903	-2.76252e-006	2.42374e-006	
0.900857	0.258394	-2.75837e-006	2.42374e-006	
0.899479	0.259889	-2.75434e-006	2.42372e-006	
0.898103	0.261389	-2.75043e-006	2.42371e-006	
0.896728	0.262894	-2.74662e-006	2.42368e-006	
0.895356	0.264403	-2.74291e-006	2.42366e-006	
0.893985	0.265917	-2.7393e-006	2.42362e-006	
0.892617	0.267436	-2.73579e-006	2.42359e-006	
0.89125	0.268959	-2.73237e-006	2.42355e-006	
0.889884	0.270487	-2.72903e-006	2.4235e-006	
0.888521	0.27202	-2.72577e-006	2.42345e-006	
0.887158	0.273557	-2.7226e-006	2.4234e-006	
0.885798	0.275099	-2.7195e-006	2.42334e-006	
0.884439	0.276645	-2.71647e-006	2.42328e-006	
0.883081	0.278197	-2.71352e-006	2.42322e-006	
0.881725	0.279753	-2.71063e-006	2.42315e-006	
0.880371	0.281313	-2.70781e-006	2.42308e-006	
0.879018	0.282879	-2.70505e-006	2.42301e-006	
0.877666	0.284449	-2.70236e-006	2.42294e-006	
0.876315	0.286024	-2.69972e-006	2.42286e-006	
0.874966	0.287604	-2.69713e-006	2.42278e-006	
0.873618	0.289189	-2.6946e-006	2.4227e-006	
0.872271	0.290779	-2.69213e-006	2.42262e-006	
0.870926	0.292373	-2.6897e-006	2.42253e-006	
0.869582	0.293973	-2.68732e-006	2.42245e-006	
0.868239	0.295577	-2.68499e-006	2.42236e-006	
0.866897	0.297186	-2.6827e-006	2.42227e-006	
0.865556	0.2988	-2.68046e-006	2.42218e-006	
0.864216	0.300419	-2.67826e-006	2.42208e-006	
0.862878	0.302043	-2.67609e-006	2.42199e-006	
0.86154	0.303672	-2.67397e-006	2.42189e-006	
0.860204	0.305306	-2.67189e-006	2.4218e-006	
0.858868	0.306945	-2.66984e-006	2.4217e-006	
0.857534	0.308589	-2.66782e-006	2.4216e-006	
0.8562	0.310238	-2.66584e-006	2.4215e-006	
0.854868	0.311892	-2.66389e-006	2.4214e-006	
0.853536	0.313551	-2.66198e-006	2.4213e-006	
0.852206	0.315216	-2.66009e-006	2.42119e-006	
0.850876	0.316885	-2.65823e-006	2.42109e-006	
0.849548	0.31856	-2.6564e-006	2.42099e-006	
0.84822	0.32024	-2.6546e-006	2.42088e-006	
0.846893	0.321924	-2.65283e-006	2.42077e-006	
0.845567	0.323615	-2.65108e-006	2.42067e-006	
0.844242	0.32531	-2.64935e-006	2.42056e-006	
0.842918	0.327011	-2.64765e-006	2.42045e-006	
0.841594	0.328717	-2.64597e-006	2.42034e-006	
0.840272	0.330428	-2.64431e-006	2.42024e-006	
0.83895	0.332145	-2.64267e-006	2.42013e-006	
0.837629	0.333867	-2.64106e-006	2.42002e-006	
0.836309	0.335594	-2.63946e-006	2.41991e-006	
0.83499	0.337326	-2.63788e-006	2.4198e-006	
0.833671	0.339064	-2.63632e-006	2.41969e-006	
0.832353	0.340808	-2.63478e-006	2.41957e-006	
0.831036	0.342557	-2.63326e-006	2.41946e-006	
0.82972	0.344311	-2.63175e-006	2.41935e-006	
0.828405	0.346071	-2.63026e-006	2.41924e-006	
0.82709	0.347837	-2.62878e-006	2.41913e-006	
0.825776	0.349608	-2.62732e-006	2.41901e-006	
0.824463	0.351384	-2.62587e-006	2.4189e-006	
0.82315	0.353166	-2.62443e-006	2.41879e-006	
0.821838	0.354954	-2.62301e-006	2.41868e-006	
0.820527	0.356747	-2.6216e-006	2.41856e-006	
0.819216	0.358546	-2.6202e-006	2.41845e-006	
0.817907	0.360351	-2.61881e-006	2.41834e-006	
0.816598	0.362161	-2.61743e-006	2.41822e-006	
0.815289	0.363977	-2.61606e-006	2.41811e-006	
0.813982	0.365799	-2.6147e-006	2.418e-006	
0.812675	0.367627	-2.61336e-006	2.41788e-006	
0.811368	0.36946	-2.61202e-006	2.41777e-006	
0.810063	0.371299	-2.61069e-006	2.41766e-006	
0.808758	0.373144	-2.60936e-006	2.41754e-006	
0.807453	0.374995	-2.60805e-006	2.41743e-006	
0.80615	0.376852	-2.60674e-006	2.41732e-006	
0.804846	0.378715	-2.60544e-006	2.4172e-006	
0.803544	0.380584	-2.60414e-006	2.41709e-006	
0.802242	0.382458	-2.60285e-006	2.41698e-006	
0.800941	0.384339	-2.60157e-006	2.41686e-006	
0.799641	0.386226	-2.60029e-006	2.41675e-006	
0.798341	0.388119	-2.59901e-006	2.41664e-006	
0.797042	0.390018	-2.59774e-006	2.41652e-006	
0.795743	0.391923	-2.59648e-006	2.41641e-006	
0.794445	0.393834	-2.59522e-006	2.4163e-006	
0.793148	0.395751	-2.59396e-006	2.41619e-006	
0.791851	0.397675	-2.5927e-006	2.41608e-006	
0.790555	0.399604	-2.59145e-006	2.41596e-006	
0.78926	0.40154	-2.5902e-006	2.41585e-006	
0.787965	0.403483	-2.58895e-006	2.41574e-006	
0.786671	0.405431	-2.58771e-006	2.41563e-006	
0.785377	0.407386	-2.58646e-006	2.41552e-006	
0.784084	0.409347	-2.58522e-006	2.41541e-006	
0.782792	0.411315	-2.58397e-006	2.41529e-006	
0.7815	0.413289	-2.58273e-006	2.41518e-006	
0.780209	0.415269	-2.58149e-006	2.41507e-006	
0.778919	0.417256	-2.58025e-006	2.41496e-006	
0.777629	0.41925	-2.57901e-006	2.41485e-006	
0.77634	0.42125	-2.57776e-006	2.41474e-006	
0.775051	0.423256	-2.57652e-006	2.41463e-006	
0.773763	0.425269	-2.57527e-006	2.41452e-006	
0.772476	0.427289	-2.57403e-006	2.41441e-006	
0.771189	0.429316	-2.57278e-006	2.4143e-006	
0.769903	0.431349	-2.57153e-006	2.41419e-006	
0.768618	0.433388	-2.57028e-006	2.41409e-006	
0.767333	0.435435	-2.56902e-006	2.41398e-006	
0.766049	0.437488	-2.56777e-006	2.41387e-006	
0.764765	0.439548	-2.5665e-006	2.41376e-006	
0.763482	0.441615	-2.56524e-006	2.41365e-006	
0.7622	0.443689	-2.56397e-006	2.41355e-006	
0.760918	0.44577	-2.5627e-006	2.41344e-006	
0.759637	0.447857	-2.56143e-006	2.41333e-006	
0.758357	0.449952	-2.56015e-006	2.41323e-006	
0.757077	0.452054	-2.55887e-006	2.41312e-006	
0.755798	0.454162	-2.55758e-006	2.41301e-006	
0.75452	0.456278	-2.55628e-006	2.41291e-006	
0.753242	0.458401	-2.55498e-006	2.4128e-006	
0.751965	0.46053	-2.55368e-006	2.4127e-006	
0.750688	0.462667	-2.55237e-006	2.41259e-006	
0.749412	0.464812	-2.55106e-006	2.41249e-006	
0.748137	0.466963	-2.54973e-006	2.41238e-006	
0.746863	0.469122	-2.54841e-006	2.41228e-006	
0.745589	0.471288	-2.54707e-006	2.41217e-006	
0.744316	0.473461	-2.54573e-006	2.41207e-006	
0.743043	0.475642	-2.54438e-006	2.41197e-006	
0.741771	0.47783	-2.54303e-006	2.41186e-006	
0.7405	0.480025	-2.54166e-006	2.41176e-006	
0.739229	0.482228	-2.54029e-006	2.41166e-006	
0.73796	0.484438	-2.53891e-006	2.41156e-006	
0.736691	0.486656	-2.53752e-006	2.41145e-006	
0.735422	0.488882	-2.53613e-006	2.41135e-006	
0.734154	0.491115	-2.53473e-006	2.41125e-006	
0.732887	0.493355	-2.53331e-006	2.41115e-006	
0.731621	0.495604	-2.53189e-006	2.41105e-006	
0.730356	0.49786	-2.53046e-006	2.41095e-006	
0.729091	0.500123	-2.52902e-006	2.41085e-006	
0.727827	0.502395	-2.52757e-006	2.41075e-006	
0.726563	0.504674	-2.52611e-006	2.41065e-006	
0.7253	0.506962	-2.52464e-006	2.41055e-006	
0.724038	0.509257	-2.52316e-006	2.41045e-006	
0.722777	0.51156	-2.52166e-006	2.41035e-006	
0.721517	0.513871	-2.52016e-006	2.41025e-006	
0.720257	0.51619	-2.51865e-006	2.41016e-006	
0.718998	0.518517	-2.51712e-006	2.41006e-006	
0.71774	0.520852	-2.51559e-006	2.40996e-006	
0.716483	0.523195	-2.51404e-006	2.40986e-006	
0.715226	0.525546	-2.51248e-006	2.40977e-006	
0.71397	0.527905	-2.51091e-006	2.40967e-006	
0.712715	0.530273	-2.50932e-006	2.40957e-006	
0.711461	0.532649	-2.50773e-006	2.40948e-006	
0.710207	0.535033	-2.50612e-006	2.40938e-006	
0.708955	0.537426	-2.50449e-006	2.40929e-006	
0.707703	0.539827	-2.50286e-006	2.40919e-006	
0.706452	0.542236	-2.50121e-006	2.4091e-006	
0.705202	0.544654	-2.49955e-006	2.409e-006	
0.703952	0.54708	-2.49787e-006	2.40891e-006	
0.702704	0.549515	-2.49618e-006	2.40882e-006	
0.701456	0.551958	-2.49448e-006	2.40872e-006	
0.700209	0.55441	-2.49276e-006	2.40863e-006	
0.698963	0.556871	-2.49102e-006	2.40854e-006	
0.697718	0.55934	-2.48927e-006	2.40844e-006	
0.696474	0.561818	-2.48751e-006	2.40835e-006	
0.695231	0.564305	-2.48573e-006	2.40826e-006	
0.693988	0.566801	-2.48393e-006	2.40817e-006	
0.692747	0.569305	-2.48212e-006	2.40808e-006	
0.691506	0.571819	-2.4803e-006	2.40799e-006	
0.690267	0.574341	-2.47845e-006	2.40789e-006	
0.689028	0.576873	-2.47659e-006	2.4078e-006	
0.68779	0.579413	-2.47472e-006	2.40771e-006	
0.686553	0.581962	-2.47282e-006	2.40762e-006	
0.685317	0.584521	-2.47091e-006	2.40754e-006	
0.684082	0.587088	-2.46899e-006	2.40745e-006	
0.682848	0.589665	-2.46704e-006	2.40736e-006	
0.681615	0.592251	-2.46508e-006	2.40727e-006	
0.680383	0.594847	-2.46309e-006	2.40718e-006	
0.679152	0.597451	-2.46109e-006	2.40709e-006	
0.677922	0.600065	-2.45908e-006	2.407e-006	
0.676693	0.602689	-2.45704e-006	2.40692e-006	
0.675465	0.605322	-2.45498e-006	2.40683e-006	
0.674238	0.607964	-2.45291e-006	2.40674e-006	
0.673012	0.610616	-2.45081e-006	2.40666e-006	
0.671787	0.613277	-2.4487e-006	2.40657e-006	
0.670563	0.615948	-2.44656e-006	2.40648e-006	
0.669341	0.618629	-2.44441e-006	2.4064e-006	
0.668119	0.62132	-2.44223e-006	2.40631e-006	
0.666898	0.62402	-2.44004e-006	2.40623e-006	
0.665679	0.62673	-2.43782e-006	2.40614e-006	
0.664461	0.62945	-2.43558e-006	2.40606e-006	
0.663243	0.63218	-2.43332e-006	2.40598e-006	
0.662027	0.634919	-2.43104e-006	2.40589e-006	
0.660812	0.637669	-2.42874e-006	2.40581e-006	
0.659598	0.640429	-2.42641e-006	2.40573e-006	
0.658386	0.643199	-2.42407e-006	2.40564e-006	
0.657174	0.645978	-2.4217e-006	2.40556e-006	
0.655964	0.648769	-2.41931e-006	2.40548e-006	
0.654755	0.651569	-2.41689e-006	2.4054e-006	
0.653547	0.654379	-2.41445e-006	2.40531e-006	
0.652341	0.6572	-2.41199e-006	2.40523e-006	
0.651135	0.660031	-2.4095e-006	2.40515e-006	
0.649931	0.662873	-2.40699e-006	2.40507e-006	
0.648728	0.665725	-2.40445e-006	2.40499e-006	
0.647527	0.668588	-2.40189e-006	2.40491e-006	
0.646326	0.671461	-2.39931e-006	2.40483e-006	
0.645127	0.674345	-2.3967e-006	2.40475e-006	
0.64393	0.677239	-2.39407e-006	2.40467e-006	
0.642733	0.680144	-2.3914e-006	2.40459e-006	
0.641538	0.68306	-2.38872e-006	2.40451e-006	
0.640345	0.685986	-2.386e-006	2.40443e-006	
0.639152	0.688924	-2.38327e-006	2.40436e-006	
0.637961	0.691872	-2.3805e-006	2.40428e-006	
0.636772	0.694831	-2.37771e-006	2.4042e-006	
0.635584	0.697801	-2.37489e-006	2.40412e-006	
0.634397	0.700782	-2.37204e-006	2.40405e-006	
0.633212	0.703775	-2.36916e-006	2.40397e-006	
0.632028	0.706778	-2.36626e-006	2.40389e-006	
0.630845	0.709792	-2.36333e-006	2.40382e-006	
0.629664	0.712818	-2.36036e-006	2.40374e-006	
0.628485	0.715855	-2.35737e-006	2.40366e-006	
0.627307	0.718903	-2.35436e-006	2.40359e-006	
0.626131	0.721963	-2.35131e-006	2.40351e-006	
0.624956	0.725034	-2.34823e-006	2.40344e-006	
0.623782	0.728117	-2.34512e-006	2.40336e-006	
0.622611	0.731211	-2.34198e-006	2.40329e-006	
0.62144	0.734317	-2.33881e-006	2.40322e-006	
0.620272	0.737434	-2.33561e-006	2.40314e-006	
0.619105	0.740563	-2.33238e-006	2.40307e-006	
0.617939	0.743703	-2.32912e-006	2.403e-006	
0.616776	0.746856	-2.32583e-006	2.40292e-006	
0.615614	0.75002	-2.3225e-006	2.40285e-006	
0.614453	0.753196	-2.31914e-006	2.40278e-006	
0.613295	0.756384	-2.31575e-006	2.40271e-006	
0.612138	0.759584	-2.31233e-006	2.40263e-006	
0.610982	0.762796	-2.30887e-006	2.40256e-006	
0.609829	0.76602	-2.30538e-006	2.40249e-006	
0.608677	0.769256	-2.30185e-006	2.40242e-006	
0.607527	0.772505	-2.29829e-006	2.40235e-006	
0.606379	0.775765	-2.2947e-006	2.40228e-006	
0.605232	0.779038	-2.29107e-006	2.40221e-006	
0.604087	0.782323	-2.28741e-006	2.40214e-006	
0.602945	0.785621	-2.28371e-006	2.40207e-006	
0.601804	0.788931	-2.27998e-006	2.402e-006	
0.600665	0.792253	-2.27621e-006	2.40193e-006	
0.599528	0.795588	-2.2724e-006	2.40186e-006	
0.598392	0.798935	-2.26856e-006	2.40179e-006	
0.597259	0.802296	-2.26468e-006	2.40173e-006	
0.596128	0.805668	-2.26076e-006	2.40166e-006	
0.594998	0.809054	-2.25681e-006	2.40159e-006	
0.593871	0.812452	-2.25281e-006	2.40152e-006	
0.592745	0.815863	-2.24878e-006	2.40146e-006	
0.591622	0.819287	-2.24472e-006	2.40139e-006	
0.590501	0.822724	-2.24061e-006	2.40132e-006	
0.589381	0.826174	-2.23646e-006	2.40126e-006	
0.588264	0.829637	-2.23228e-006	2.40119e-006	
0.587149	0.833112	-2.22805e-006	2.40112e-006	
0.586036	0.836602	-2.22378e-006	2.40106e-006	
0.584925	0.840104	-2.21948e-006	2.40099e-006	
0.583817	0.843619	-2.21513e-006	2.40093e-006	
0.58271	0.847148	-2.21074e-006	2.40086e-006	
0.581606	0.85069	-2.20631e-006	2.4008e-006	
0.580504	0.854245	-2.20184e-006	2.40073e-006	
0.579404	0.857814	-2.19733e-006	2.40067e-006	
0.578307	0.861396	-2.19277e-006	2.40061e-006	
0.577211	0.864992	-2.18818e-006	2.40054e-006	
0.576119	0.868601	-2.18354e-006	2.40048e-006	
0.575028	0.872224	-2.17885e-006	2.40042e-006	
0.57394	0.875861	-2.17412e-006	2.40035e-006	
0.572854	0.879511	-2.16935e-006	2.40029e-006	
0.57177	0.883175	-2.16454e-006	2.40023e-006	
0.570689	0.886853	-2.15968e-006	2.40017e-006	
0.569611	0.890545	-2.15477e-006	2.4001e-006	
0.568535	0.894251	-2.14982e-006	2.40004e-006	
0.567461	0.89797	-2.14482e-006	2.39998e-006	
0.56639	0.901704	-2.13978e-006	2.39992e-006	
0.565321	0.905451	-2.13469e-006	2.39986e-006	
0.564255	0.909213	-2.12956e-006	2.3998e-006	
0.563192	0.912989	-2.12437e-006	2.39974e-006	
0.562131	0.916779	-2.11914e-006	2.39968e-006	
0.561072	0.920583	-2.11387e-006	2.39962e-006	
0.560017	0.924401	-2.10854e-006	2.39956e-006	
0.558964	0.928234	-2.10317e-006	2.3995e-006	
0.557914	0.932081	-2.09774e-006	2.39944e-006	
0.556866	0.935943	-2.09227e-006	2.39938e-006	
0.555821	0.939819	-2.08675e-006	2.39932e-006	
0.554779	0.943709	-2.08118e-006	2.39926e-006	
0.55374	0.947614	-2.07556e-006	2.39921e-006	
0.552704	0.951534	-2.06989e-006	2.39915e-006	
0.55167	0.955468	-2.06417e-006	2.39909e-006	
0.55064	0.959416	-2.0584e-006	2.39903e-006	
0.549612	0.96338	-2.05257e-006	2.39898e-006	
0.548587	0.967358	-2.0467e-006	2.39892e-006	
0.547565	0.971351	-2.04077e-006	2.39886e-006	
0.546546	0.975359	-2.03479e-006	2.39881e-006	
0.54553	0.979382	-2.02876e-006	2.39875e-006	
0.544518	0.983419	-2.02267e-006	2.39869e-006	
0.543508	0.987472	-2.01653e-006	2.39864e-006	
0.542501	0.991539	-2.01034e-006	2.39858e-006	
0.541497	0.995622	-2.00409e-006	2.39853e-006	
0.540497	0.999719	-1.99779e-006	2.39847e-006	
0.5395	1.00383	-1.99144e-006	2.39842e-006	
0.538506	1.00796	-1.98503e-006	2.39836e-006	
0.537515	1.0121	-1.97856e-006	2.39831e-006	
0.536527	1.01626	-1.97204e-006	2.39825e-006	
0.535543	1.02043	-1.96546e-006	2.3982e-006	
0.534562	1.02462	-1.95883e-006	2.39815e-006	
0.533584	1.02883	-1.95214e-006	2.39809e-006	
0.532609	1.03305	-1.94539e-006	2.39804e-006	
0.531638	1.03728	-1.93859e-006	2.39799e-006	
0.530671	1.04153	-1.93173e-006	2.39793e-006	
0.529707	1.04579	-1.92481e-006	2.39788e-006	
0.528746	1.05008	-1.91783e-006	2.39783e-006	
0.527789	1.05437	-1.91079e-006	2.39778e-006	
